4	-5.0717
5	-7.16219
6	-9.34017
7	-12.465
8	-14.6329
9	-16.6597
10	-18.9354
11	-21.4258
12	-24.3834
13	-26.918
14	-29.6838
15	-32.6135
16	-33.9053
17	-36.9939
18	-38.1547
19	-41.6245
20	-44.8945
21	-46.4786
22	-48.0152
23	-51.0
24	-52.6622
25	-54.948
26	-57.8007
27	-56.8625
28	-60.2806
29	-62.7181
30	-64.042
31	-66.6319
32	-70.008
33	-70.969
34	-72.8008
35	-78.7509
36	-77.1246
37	-80.0404
38	-79.7988
39	-85.7043
40	-85.4764
41	-88.7995
42	-91.8655
43	-88.4889
44	-88.7862
45	-91.8972
46	-99.764
47	-98.9701
48	-102.948
49	-97.7711
50	-103.551
51	-105.572
52	-107.815
53	-106.928
54	-109.118
55	-118.146
