4	-5.07132
5	-7.15466
6	-9.29635
7	-12.427
8	-14.5394
9	-16.7548
10	-19.8421
11	-22.1631
12	-24.322
13	-27.5986
14	-29.7009
15	-32.8739
16	-33.1633
17	-35.2322
18	-39.5358
19	-42.1855
20	-44.6016
21	-47.1159
22	-51.4069
23	-48.5068
24	-52.3969
25	-53.2786
26	-52.1118
27	-61.5712
28	-63.0996
29	-64.3941
30	-70.2578
31	-69.2296
32	-67.8379
33	-75.3775
34	-77.1285
35	-81.6391
36	-82.3254
37	-89.7201
38	-87.3879
39	-92.6629
40	-86.8567
41	-90.8365
42	-95.9652
43	-104.069
44	-102.404
45	-102.907
46	-104.417
47	-107.945
48	-109.423
49	-110.755
50	-114.764
51	-115.81
52	-116.132
53	-127.258
54	-124.026
55	-130.41
